$ANSIBLE_VAULT;1.1;AES256
35363536333963636133653236336631316132363265666565303965346664393039376338376535
3139643530363563633266643462303464363139623866650a363263363462393538323061653131
64356230623566306365616139663066373266613334326234323066613761353962376334393534
6632643164373862660a346433383334313462626661333864363061626235356439306230396636
62656132653632353936633336333432303965373765636135343366383936643436393432333931
63663764303730306231386533373039663530613235363635373161643565633435333864386162
39613765393235313966656365316563333265366564343866643933303637303264326266663230
38393131303831373138346666373461656239663533386165393861363765616463653033333862
36343761663134333537336237303734663461653239323461613831376337366537643962303035
66343336333931363534623963336661376537306531333138616162376235396136646437663932
30616438363138303631616263303935383066656331346166616661613137616234393232623034
64636431323662373633303333333133613865346266643539363533373433343532346562346566
64623966616235393161383738643562303161643231653831613166633737343463633463633132
36643333636462323261306131376162643762306261386661616236333664383437313464376334
64333138346463346338656464303363383830323031393133376635383336386361376266346266
38613337333063386264323465313566616362346461643330326465633134333263626235656131
39393261326663396639646362333534363037336633653534656331336161613262633331363031
65376362346130623435343436353939316130333838626339643734623036306137373763633564
30366634643736636566393964633965363932653031393334393566393139623033666235663465
34383061663062393238643638663561373737363565393139386234633961373333623037616232
62326337303238613736623435663162613664363031333039623436636237626337376433366635
31623762666635383162313131656361633537656363313565663231663137386433306131656566
62623933636561626163373832613633643064623536636262383030313762333464626565633965
66626631363732616338376662373962626634393761336638616135356431363461353364313937
35363832616462363937626238313635633938636565633466353662396337653862633037313533
61353737343333626631626336373765373961373739623564643435613839373836383933396632
38663139393336613537393033376463316432633730666433396130613531613932373935643938
66613139323631346261313837613230623462636663383037613932323935376566303833303231
36656163306636343839623638383265383930323930616630383164326562393931663363653037
33363135393831663865323235653134306436333334353139363237656363393062663737633537
65306265626136656438333535373132316139323262666236396163633130663663336436633463
65383864336261306533303964343539653138323966303362613731656664646466363332613365
39343033633362623962623863623237313834613032626562323435626131353963613863303032
33326162326336373862323731333166383836393566666636393939303766636237613630306632
34653337366438623533393135656331623161353433666534326234373762623365383135343534
34663130323632333937343638336166396361376261393334663932663134323036616563376332
30383737396565316436643533326431633138313937346430373462653861643865663835626136
38373137326563343438383336636132653631373862306636636234363836323363386665613538
38636630353265333738623636646531336531316339613631646664613133393734303362663565
64666635356262303266646536393830346137386233353132623365633766636333313064356535
61353266646264306237396238653933343665346266663133626562393539326264306333316464
37346234623161613834323138316162643566393066336236376634633137306531663634393865
37386232326433303231623631323139373733656331643166656134643564363564393438366436
33643662643363643233346264346366626239663966616139623136373565666331326434323163
36323063373365396434643134633462663662393365396330353435326232303662333539633266
36343134333865393532353362613162363135343438356637623532326232303863623366663233
34303032383039366566626431663764623466326161613038303865356231366537396433376537
38343865356133646135383134363164353032383662663931653235323734393734363834353138
64383739643966336637326233353665363963336637346431373966626437313963373933376239
34313166343065313464336163396235316238653932306538643662363933326664646338643131
62643766356166393933613463366637356235613161333131613430383530636333613732643036
36656435663436363032636436353963346134336661313935613434326433333033343031333162
36316361316163306331363639636132623435646262306361313737303532376538613833326439
32366364633631636535393830613333623664343162343064653734353934663964313438336432
35343235323664646265386463303737323235316139303736353133353537373964656335616661
32376637666138316235626630363462343130663639613133646439633763313839393062393561
62656462313930313739626239633166323961363639366137393737343431626339343166656236
37373063633430353265633138326432666232326630313961616661356331613462336634363130
63373931386330383031663366353338333964313163643338383032396261666438663531306231
30656262643461613766306164333638323534626137323438396338656233353766393661363464
38363965396433336431353731346463383132393433656639303161326239653366613633633964
64646461343335623438613236363730313461373361373333396665326636376662376161373936
38323264333465393763653635646431393063363533636532613939313561316639346432363164
66313635313364373530343832373266363561666539663366396231643233323161396138393562
6363
