$ANSIBLE_VAULT;1.1;AES256
36653239313539666431626462353633653063363064313636623261666336353561623164306434
6565306537626361343630643966663834613831323934660a643063383164383338316265353532
33373336396261656461613230333762653962306130396531366237373036616535383966383061
6262373365613337310a383032396466613631343937373062636661353137626332643564336335
39663730653364393831656366313963386336393638323933623462393931323332373065646632
61653234643763383562616232633462616235366564633965326238623230613761396637386135
63376435646365313438613064393032313934373562646132393862623062303163623639393464
66663230393334353437613832626662616235376439383963366133306130303965343432323234
66396635666362326266393963353032663664343261323830316531316463376430313265363135
30373335346566326437653537336630643366376365396437363236323439303934393932376132
37353966623636343166633231633835333134643939636330623061353461396238343266353163
38653663323736633965653738306234643165656133316238633634643766653530393338363565
65306138396439616538333537393335613163363861633131613364613364343364343432393733
34313238383133666331643963353138623034353439303332343339636530386661333033346331
35363061333237323662653035636134313166653263393163366532646137313434646166366538
32393237653762653534343231643836373862613561333736653131323461313766613863386362
38633539633662626163366237316134626431623436373638643935353562333730663331656338
39306637343562306335313136323230663163613237633964333532336463626462393933373765
38336464373662613035353130323464353839663233643432306461363666333961626230666135
32386165373331633966386638336261326539633732333439376366313062626130343366363737
34613636336361613832326162393932356334373262633939326637633730396264396362343534
32666166396465663165323736646239613033356666656237386464626362656364653632323631
36363263386530353739393162643863613036336339353731353562343862633865343634653064
66653764353866323636306638386234386161396338653537303637383766303039643730636434
64343532623339353636653661643561323932326239343133383564623131393963
