$ANSIBLE_VAULT;1.1;AES256
37613130633865343733663437303334373163636634316339323535343232343861663361653636
3062343462316431393037373765356362316633333364610a613366646333313962616266656663
65663336313633353063366362303765616235333864613237383038373463366665363366383333
6639396463323336630a343961393564623033326266616439373738353265346661376631633661
38386638386366366165626661326530643635353862316238376164383765393462623234313233
64303964356465663336613033653433353163373632383766366437313161656130636231663833
62343431326339343437613939323931636635333035363235386664623036663833316232343133
64353737643530393230393364653536333830616661336138323965666338373161666631343238
34623436386661633539393964306539333439653633386664356431633564353561383739636638
65373965313538333434663864663263666433643738663332656438313934363632373839383034
33663732383265656532613065336335633532653866393138303563343365333632643865633631
30303738626537363861323166653765646638663066313662636437636663623666376539616331
39616332313237366239343130303536383439663063383637656431303538386131636361323662
33353930303237353065393863626334383261353034386263636139646363633037373430346165
34653135663166396564616361386162653331306537643831326164353763313337316463313736
63636464313233636338643232373833633037643431353634633835616139316265333034306434
39393937623436643439393534323663626663353661373531356366663435623064656435653030
64376361363063323663643461356433613265303030336336393630383438636162353232636261
33626337343230613437316562323238366430393066313334653735393431343330313263333062
61386366316664323536373231333539646436353131303661343737366436333533313831666437
36316235623562623033666561646261636462633532346234306264353939616661366463336331
37626537623938646565333833333533303363303761613665383637636530373666366535656430
34313736366434643531333838316363616434386166383338373862656138656436353139326537
39666231333331666133323263393839323336616264663365666136353138666631626466333531
61343764353731623637383331336263616366396435636436313864656135303263363561643961
39313265643039333266306637653134316236613633616534396139666232643932636562363035
33306461393639383830303735363163626139343139373630623064643239323366643032663665
33346461643037633065343466316464613234643736326333353636313737376464336563633762
64373764613032313036313863616364616335393436323065643430653838613139343461336438
62366333323463313435386339623536346465356562396139386632613565626633333538356139
37653865313537663537623833313137353932343735303132313564643163616633623635313130
39613534653734363132376462373066393430663638616461386363303562643835383738633930
32343138313332663766386237656130313930643632643566643265353232633236633839353834
3030323364366461373337623464363235383732323461666531
