$ANSIBLE_VAULT;1.1;AES256
34626632633238616136623736313266656661303736333636346439363238333236366536663837
3637616165343365323165363462616463626565656437320a303464643763643232303535316162
35396334326162396463663831346466623732386261393439366534353863613130343032316435
3735333233336565390a316161376433333632303665373136623261313263303464646638393739
62616336393565393434373861376335313633613238663339646539316161663135356132306531
63373761616432346162633037336533363437336437383231373430353162653437323834343761
66643161333531346132396330363663333964663435343062316331343831303238316436626637
39303065663762373464326439643364366235363535646639376562303864313666366135316333
61663138313435663935343036333166386433333366656661343737643631653664623763633464
65323134613737633933363031646134656162333136636532333162316133646364646262316463
35353438363935613734663964626164383436643331383538343332376132646361393632383064
36623134663636356636383834343335656263613136623232646266623033623062336234666464
36316236616563393232303863383433613636623630323433306262363262346564663262366564
35336161353266306563303562343361666639623133373336326634623336643031623533366131
37646133376362316138326633646432353631616465386332616465366430363034653735386235
65373831636462343938626331376464643762373437653362333932306565626432373461653138
62623965646339393138666338393933353163666533663462613262663835373838346464396665
65346235656230333234353635616462646233356663383063303466353530313936326361333532
39373961396166353731633464626264393338313763613933353530363163633435316131396335
37666338663130306138366538386634653030393662613435623836313332653832366233336530
33316162636637653032303762383034323837663931613562353332323961616239323130613834
31393436633038376236643465363366363465613538643739613432626431643538653766616664
30323130303461386636386236343234386661333331383837356265363238316236336430646236
33333166663539633462313933633063373637316366313635613138303838626637663862343763
63646564333337636163333463333932626637613031646239313662666530336564653435613235
30383036623433663633363137386232636530643963383336396337663665356161663437353662
36356165656233656164333935346663346364306564646163346430346230396362313037373034
37373965363362346539303931656466663932303864376230306235333436383030623636663762
34373632303462386639663362343764373162316361376634313831373037316238633330616631
34393963303430663530646264643761386136363033396566306564396265656162643535393131
64363839636134333263373837363164623065643336386332373636353735346235323834386561
35386133343736383161353466396530346332333437663538373661656238396337363663666462
66643530353534303632383566336261313831306263353936623936356135343432303035343865
66613237396165623662633537363563633734613865613965653936333636343561383664353734
35363063613962653238353336306433363834613035353336663232383536626134663838623333
36323764343939326430613339353238643861326630313965656331633135623762613134383331
65386233393238353233373365636438633662636237353965626561366139623835613432613232
6463636230313138386134653231373533613936306536666630
